8.000000000000000444e-01 2.755300000000000438e+01
8.020100000000000007e-01 2.740799999999999415e+01
8.040199999999999569e-01 2.724699999999999278e+01
8.060300000000000242e-01 2.707099999999999085e+01
8.080399999999999805e-01 2.688000000000000256e+01
8.100500000000000478e-01 2.667299999999999471e+01
8.120600000000000041e-01 2.645100000000000051e+01
8.140699999999999603e-01 2.621300000000000097e+01
8.160800000000000276e-01 2.596000000000000085e+01
8.180899999999999839e-01 2.569200000000000017e+01
8.201000000000000512e-01 2.540899999999999892e+01
8.221100000000000074e-01 2.510999999999999233e+01
8.241199999999999637e-01 2.479799999999999471e+01
8.261300000000000310e-01 2.446999999999999176e+01
8.281399999999999872e-01 2.412899999999999778e+01
8.301500000000000545e-01 2.377400000000000091e+01
8.321600000000000108e-01 2.340499999999999403e+01
8.341699999999999671e-01 2.302299999999999613e+01
8.361800000000000344e-01 2.262800000000000011e+01
8.381899999999999906e-01 2.222099999999999653e+01
8.401999999999999469e-01 2.180199999999999960e+01
8.422100000000000142e-01 2.137299999999999756e+01
8.442199999999999704e-01 2.093199999999999505e+01
8.462300000000000377e-01 2.048199999999999932e+01
8.482399999999999940e-01 2.002299999999999613e+01
8.502499999999999503e-01 1.955499999999999972e+01
8.522600000000000176e-01 1.907900000000000063e+01
8.542699999999999738e-01 1.859699999999999420e+01
8.562800000000000411e-01 1.810799999999999699e+01
8.582899999999999974e-01 1.761299999999999955e+01
8.602999999999999536e-01 1.711399999999999721e+01
8.623100000000000209e-01 1.661099999999999710e+01
8.643199999999999772e-01 1.610399999999999920e+01
8.663300000000000445e-01 1.559399999999999409e+01
8.683400000000000007e-01 1.508099999999999596e+01
8.703499999999999570e-01 1.456700000000000017e+01
8.723600000000000243e-01 1.405099999999999483e+01
8.743699999999999806e-01 1.353399999999999892e+01
8.763800000000000479e-01 1.301699999999999591e+01
8.783900000000000041e-01 1.250000000000000000e+01
8.803999999999999604e-01 1.198399999999999466e+01
8.824100000000000277e-01 1.147099999999999653e+01
8.844199999999999839e-01 1.095899999999999608e+01
8.864300000000000512e-01 1.045100000000000051e+01
8.884400000000000075e-01 9.945000000000000284e+00
8.904499999999999638e-01 9.445000000000000284e+00
8.924600000000000311e-01 8.948999999999998067e+00
8.944699999999999873e-01 8.457999999999998408e+00
8.964800000000000546e-01 7.974999999999994316e+00
8.984900000000000109e-01 7.497999999999997556e+00
9.004999999999999671e-01 7.029999999999994031e+00
9.025100000000000344e-01 6.570999999999997954e+00
9.045199999999999907e-01 6.121999999999999886e+00
9.065299999999999470e-01 5.682999999999999829e+00
9.085400000000000142e-01 5.256000000000000227e+00
9.105499999999999705e-01 4.840999999999993975e+00
9.125600000000000378e-01 4.439999999999997726e+00
9.145699999999999941e-01 4.051999999999999602e+00
9.165799999999999503e-01 3.677999999999997272e+00
9.185900000000000176e-01 3.320000000000000284e+00
9.205999999999999739e-01 2.977999999999994429e+00
9.226100000000000412e-01 2.651999999999993918e+00
9.246199999999999974e-01 2.342999999999996419e+00
9.266299999999999537e-01 2.050999999999994827e+00
9.286400000000000210e-01 1.777999999999998693e+00
9.306499999999999773e-01 1.521999999999998465e+00
9.326600000000000446e-01 1.285999999999994259e+00
9.346700000000000008e-01 1.067999999999997840e+00
9.366799999999999571e-01 8.699999999999974420e-01
9.386900000000000244e-01 6.920000000000001705e-01
9.406999999999999806e-01 5.339999999999989200e-01
9.427100000000000479e-01 3.960000000000007958e-01
9.447200000000000042e-01 2.789999999999963620e-01
9.467299999999999605e-01 1.819999999999950546e-01
9.487400000000000277e-01 1.059999999999945430e-01
9.507499999999999840e-01 4.999999999999715783e-02
9.527600000000000513e-01 1.500000000000056843e-02
9.547700000000000076e-01 0.000000000000000000e+00
9.567799999999999638e-01 6.000000000000227374e-03
9.587900000000000311e-01 3.199999999999647571e-02
9.607999999999999874e-01 7.699999999999818101e-02
9.628100000000000547e-01 1.430000000000006821e-01
9.648200000000000109e-01 2.279999999999944293e-01
9.668299999999999672e-01 3.329999999999984084e-01
9.688400000000000345e-01 4.570000000000007390e-01
9.708499999999999908e-01 6.009999999999990905e-01
9.728599999999999470e-01 7.620000000000004547e-01
9.748700000000000143e-01 9.429999999999978400e-01
9.768799999999999706e-01 1.140999999999998238e+00
9.788900000000000379e-01 1.356999999999999318e+00
9.808999999999999941e-01 1.589999999999996305e+00
9.829099999999999504e-01 1.839999999999996305e+00
9.849200000000000177e-01 2.106999999999999318e+00
9.869299999999999740e-01 2.388999999999995794e+00
9.889400000000000412e-01 2.686999999999997613e+00
9.909499999999999975e-01 2.998999999999995225e+00
9.929599999999999538e-01 3.324999999999995737e+00
9.949700000000000211e-01 3.664999999999999147e+00
9.969799999999999773e-01 4.018000000000000682e+00
9.989900000000000446e-01 4.381999999999997897e+00
1.000999999999999890e+00 4.759000000000000341e+00
1.002999999999999892e+00 5.146999999999998465e+00
1.004999999999999893e+00 5.544999999999994600e+00
1.006999999999999895e+00 5.952999999999995850e+00
1.008999999999999897e+00 6.369999999999997442e+00
1.011100000000000110e+00 6.796999999999997044e+00
1.013099999999999890e+00 7.231999999999999318e+00
1.015099999999999891e+00 7.673999999999999488e+00
1.017099999999999893e+00 8.125000000000000000e+00
1.019099999999999895e+00 8.582000000000000739e+00
1.021099999999999897e+00 9.044999999999994600e+00
1.023099999999999898e+00 9.515000000000000568e+00
1.025099999999999900e+00 9.988999999999997215e+00
1.027099999999999902e+00 1.046899999999999409e+01
1.029099999999999904e+00 1.095299999999999585e+01
1.031199999999999894e+00 1.143999999999999773e+01
1.033199999999999896e+00 1.193099999999999739e+01
1.035199999999999898e+00 1.242399999999999949e+01
1.037199999999999900e+00 1.291899999999999693e+01
1.039199999999999902e+00 1.341599999999999682e+01
1.041199999999999903e+00 1.391299999999999670e+01
1.043199999999999905e+00 1.441099999999999426e+01
1.045199999999999907e+00 1.490899999999999892e+01
1.047199999999999909e+00 1.540599999999999881e+01
1.049199999999999910e+00 1.590199999999999392e+01
1.051299999999999901e+00 1.639600000000000080e+01
1.053299999999999903e+00 1.688799999999999812e+01
1.055299999999999905e+00 1.737800000000000011e+01
1.057299999999999907e+00 1.786499999999999488e+01
1.059299999999999908e+00 1.834999999999999432e+01
1.061299999999999910e+00 1.883200000000000074e+01
1.063299999999999912e+00 1.930999999999999517e+01
1.065299999999999914e+00 1.978499999999999659e+01
1.067299999999999915e+00 2.025699999999999790e+01
1.069299999999999917e+00 2.072399999999999665e+01
1.071399999999999908e+00 2.118699999999999761e+01
1.073399999999999910e+00 2.164600000000000080e+01
1.075399999999999912e+00 2.210099999999999909e+01
1.077399999999999913e+00 2.255099999999999483e+01
1.079399999999999915e+00 2.299499999999999744e+01
1.081399999999999917e+00 2.343499999999999517e+01
1.083399999999999919e+00 2.386899999999999977e+01
1.085399999999999920e+00 2.429700000000000415e+01
1.087399999999999922e+00 2.471900000000000119e+01
1.089399999999999924e+00 2.513499999999999801e+01
1.091499999999999915e+00 2.554400000000000404e+01
1.093499999999999917e+00 2.594699999999999562e+01
1.095499999999999918e+00 2.634199999999999164e+01
1.097499999999999920e+00 2.672999999999999687e+01
1.099499999999999922e+00 2.711099999999999710e+01
1.101499999999999924e+00 2.748299999999999699e+01
1.103499999999999925e+00 2.784899999999999665e+01
1.105499999999999927e+00 2.820599999999999596e+01
1.107499999999999929e+00 2.855499999999999972e+01
1.109499999999999931e+00 2.889599999999999369e+01
1.111599999999999921e+00 2.922899999999999210e+01
1.113599999999999923e+00 2.955399999999999494e+01
1.115599999999999925e+00 2.987100000000000222e+01
1.117599999999999927e+00 3.017899999999999494e+01
1.119599999999999929e+00 3.047899999999999210e+01
1.121599999999999930e+00 3.077000000000000313e+01
1.123599999999999932e+00 3.105300000000000438e+01
1.125599999999999934e+00 3.132799999999999585e+01
1.127599999999999936e+00 3.159400000000000119e+01
1.129599999999999937e+00 3.185199999999999676e+01
1.131699999999999928e+00 3.210199999999999676e+01
1.133699999999999930e+00 3.234400000000000119e+01
1.135699999999999932e+00 3.257699999999999108e+01
1.137699999999999934e+00 3.280300000000000438e+01
1.139699999999999935e+00 3.302000000000000313e+01
1.141699999999999937e+00 3.322899999999999210e+01
1.143699999999999939e+00 3.342999999999999972e+01
1.145699999999999941e+00 3.362199999999999278e+01
1.147699999999999942e+00 3.380699999999999505e+01
1.149699999999999944e+00 3.398299999999999699e+01
1.151799999999999935e+00 3.415199999999999392e+01
1.153799999999999937e+00 3.431199999999999051e+01
1.155799999999999939e+00 3.446399999999999153e+01
1.157799999999999940e+00 3.460799999999999699e+01
1.159799999999999942e+00 3.474399999999999267e+01
1.161799999999999944e+00 3.487199999999999278e+01
1.163799999999999946e+00 3.499199999999999733e+01
1.165799999999999947e+00 3.510399999999999210e+01
1.167799999999999949e+00 3.520899999999999608e+01
1.169799999999999951e+00 3.530600000000000449e+01
1.171899999999999942e+00 3.539500000000000313e+01
1.173899999999999944e+00 3.547599999999999199e+01
1.175899999999999945e+00 3.555000000000000426e+01
1.177899999999999947e+00 3.561699999999999733e+01
1.179899999999999949e+00 3.567599999999999483e+01
1.181899999999999951e+00 3.572899999999999210e+01
1.183899999999999952e+00 3.577399999999999380e+01
1.185899999999999954e+00 3.581199999999999051e+01
1.187899999999999956e+00 3.584299999999999642e+01
1.189899999999999958e+00 3.586699999999999733e+01
1.191999999999999948e+00 3.588499999999999801e+01
1.193999999999999950e+00 3.589699999999999847e+01
1.195999999999999952e+00 3.590199999999999392e+01
1.197999999999999954e+00 3.590100000000000335e+01
1.199999999999999956e+00 3.589299999999999358e+01
