8.000000000000000444e-01 2.724203237554677060e+01
8.020100502512563789e-01 2.696433631013198351e+01
8.040201005025126024e-01 2.668010462921128578e+01
8.060301507537689369e-01 2.638843702769966626e+01
8.080402010050251604e-01 2.608790978152178752e+01
8.100502512562814950e-01 2.577727100130778126e+01
8.120603015075377185e-01 2.545505286324943484e+01
8.140703517587940530e-01 2.512005150262014297e+01
8.160804020100502765e-01 2.477189321890537599e+01
8.180904522613066110e-01 2.441129241912068437e+01
8.201005025125628345e-01 2.404008801266289197e+01
8.221105527638191690e-01 2.366057145727585009e+01
8.241206030150753925e-01 2.327500390425269927e+01
8.261306532663317270e-01 2.288506997586095792e+01
8.281407035175879505e-01 2.249071752835705240e+01
8.301507537688442850e-01 2.209054685745390145e+01
8.321608040201005085e-01 2.168285904598270974e+01
8.341708542713568431e-01 2.126550523401107284e+01
8.361809045226130666e-01 2.083660439034386513e+01
8.381909547738694011e-01 2.039645186573613955e+01
8.402010050251256246e-01 1.994604784077645832e+01
8.422110552763819591e-01 1.948620052392558932e+01
8.442211055276381826e-01 1.901887779937170819e+01
8.462311557788945171e-01 1.854661394048220302e+01
8.482412060301507406e-01 1.806996742986071069e+01
8.502512562814070751e-01 1.758954140086331108e+01
8.522613065326634096e-01 1.710679229839418269e+01
8.542713567839196331e-01 1.662206331510178359e+01
8.562814070351759677e-01 1.613464548923175812e+01
8.582914572864321912e-01 1.564509650651066863e+01
8.603015075376885257e-01 1.515351401939582843e+01
8.623115577889447492e-01 1.465858875984204701e+01
8.643216080402010837e-01 1.415959438885029442e+01
8.663316582914573072e-01 1.365735328602315235e+01
8.683417085427136417e-01 1.315253310810243192e+01
8.703517587939698652e-01 1.264674225498851001e+01
8.723618090452261997e-01 1.214272990555771514e+01
8.743718592964824232e-01 1.164309212600740295e+01
8.763819095477387577e-01 1.114866439804717402e+01
8.783919597989949812e-01 1.066012365240786153e+01
8.804020100502513158e-01 1.017667088855480984e+01
8.824120603015075393e-01 9.697484983217378840e+00
8.844221105527638738e-01 9.221872012740291780e+00
8.864321608040200973e-01 8.750802690335703460e+00
8.884422110552764318e-01 8.285366027420323576e+00
8.904522613065326553e-01 7.827519909033995305e+00
8.924623115577889898e-01 7.378338330472871576e+00
8.944723618090452133e-01 6.938071825953628036e+00
8.964824120603015478e-01 6.506026260100995273e+00
8.984924623115577713e-01 6.080788528151586547e+00
9.005025125628141058e-01 5.661685419624831184e+00
9.025125628140704404e-01 5.249158526941641867e+00
9.045226130653266639e-01 4.845772523819562139e+00
9.065326633165828873e-01 4.454648864319423751e+00
9.085427135678392219e-01 4.080123136949211471e+00
9.105527638190955564e-01 3.725356792027554320e+00
9.125628140703517799e-01 3.391279939860950776e+00
9.145728643216081144e-01 3.076525610162178737e+00
9.165829145728643379e-01 2.778892716263470675e+00
9.185929648241206724e-01 2.495283696601603651e+00
9.206030150753768959e-01 2.222347447997620407e+00
9.226130653266332304e-01 1.958983323583510128e+00
9.246231155778894539e-01 1.706103869616867996e+00
9.266331658291457885e-01 1.465197975902668759e+00
9.286432160804020119e-01 1.238051569060914403e+00
9.306532663316583465e-01 1.027110361561710761e+00
9.326633165829145700e-01 8.342539412684999434e-01
9.346733668341709045e-01 6.597521088773703468e-01
9.366834170854271280e-01 5.043153608092012519e-01
9.386934673366834625e-01 3.690671139505354859e-01
9.407035175879396860e-01 2.548621583944736813e-01
9.427135678391960205e-01 1.621432682178891582e-01
9.447236180904523550e-01 9.148188682068791877e-02
9.467336683417085785e-01 4.264617953613480950e-02
9.487437185929648020e-01 1.315995796460356360e-02
9.507537688442211365e-01 0.000000000000000000e+00
9.527638190954774711e-01 1.311451648007277981e-04
9.547738693467336946e-01 1.096884266590336665e-02
9.567839195979899181e-01 3.047728345283928775e-02
9.587939698492462526e-01 5.903009330290842627e-02
9.608040201005025871e-01 9.936467460131837015e-02
9.628140703517588106e-01 1.543575827720360394e-01
9.648241206030150341e-01 2.265328520171152604e-01
9.668341708542713686e-01 3.176884172053746624e-01
9.688442211055277031e-01 4.294266559386556992e-01
9.708542713567839266e-01 5.614239433956527137e-01
9.728643216080402611e-01 7.119756161021371099e-01
9.748743718592964846e-01 8.795017327242931060e-01
9.768844221105528192e-01 1.063016862534581719e+00
9.788944723618090427e-01 1.261859232521004515e+00
9.809045226130653772e-01 1.474380335224068972e+00
9.829145728643216007e-01 1.699628301757130089e+00
9.849246231155779352e-01 1.937227782572932711e+00
9.869346733668341587e-01 2.186361171284460170e+00
9.889447236180904932e-01 2.445323681895061441e+00
9.909547738693467167e-01 2.712565823035177459e+00
9.929648241206030512e-01 2.987703996420805197e+00
9.949748743718593857e-01 3.270711061599641312e+00
9.969849246231156092e-01 3.561536002663515887e+00
9.989949748743718327e-01 3.860714167682942843e+00
1.001005025125628167e+00 4.169836867370335654e+00
1.003015075376884502e+00 4.490131979100297599e+00
1.005025125628140614e+00 4.822453678560790991e+00
1.007035175879396949e+00 5.166471604190419953e+00
1.009045226130653283e+00 5.521324980485559308e+00
1.011055276381909618e+00 5.885495551385531598e+00
1.013065326633165952e+00 6.256185216210127464e+00
1.015075376884422065e+00 6.630982885631937052e+00
1.017085427135678399e+00 7.007382772372835689e+00
1.019095477386934734e+00 7.384684086539280656e+00
1.021105527638191068e+00 7.763335162967464953e+00
1.023115577889447181e+00 8.144351277961789037e+00
1.025125628140703515e+00 8.530343251675873262e+00
1.027135678391959850e+00 8.923756038086111175e+00
1.029145728643216184e+00 9.326811520993771865e+00
1.031155778894472297e+00 9.739688995916452541e+00
1.033165829145728631e+00 1.016084497230554007e+01
1.035175879396984966e+00 1.058842373564269224e+01
1.037185929648241300e+00 1.101880633646071317e+01
1.039195979899497413e+00 1.144768120277844048e+01
1.041206030150753747e+00 1.187093782718068269e+01
1.043216080402010082e+00 1.228634734133780171e+01
1.045226130653266416e+00 1.269418354627019596e+01
1.047236180904522751e+00 1.309507376505293053e+01
1.049246231155778863e+00 1.349113358252256489e+01
1.051256281407035198e+00 1.388583153128753622e+01
1.053266331658291532e+00 1.428287333698956729e+01
1.055276381909547645e+00 1.468514074839150396e+01
1.057286432160803979e+00 1.509305532005318184e+01
1.059296482412060314e+00 1.550641113595962395e+01
1.061306532663316649e+00 1.592421639199574201e+01
1.063316582914572983e+00 1.634370816845138563e+01
1.065326633165829096e+00 1.676141838293362696e+01
1.067336683417085430e+00 1.717377666404001957e+01
1.069346733668341765e+00 1.757892106902775708e+01
1.071356783919597877e+00 1.797629372343405407e+01
1.073366834170854212e+00 1.836559338379439055e+01
1.075376884422110546e+00 1.874793814284926441e+01
1.077386934673366881e+00 1.912515849939647694e+01
1.079396984924623215e+00 1.949918334267773901e+01
1.081407035175879328e+00 1.987135824338191981e+01
1.083417085427135662e+00 2.024157092438574068e+01
1.085427135678391997e+00 2.060953064679948454e+01
1.087437185929648331e+00 2.097452565572355354e+01
1.089447236180904444e+00 2.133511726510548101e+01
1.091457286432160778e+00 2.168991172087686436e+01
1.093467336683417113e+00 2.203752038485255582e+01
1.095477386934673447e+00 2.237746743477278244e+01
1.097487437185929782e+00 2.270991487172786094e+01
1.099497487437185894e+00 2.303499907097612720e+01
1.101507537688442229e+00 2.335306085154547873e+01
1.103517587939698563e+00 2.366442383108163483e+01
1.105527638190954676e+00 2.396947561010465222e+01
1.107537688442211010e+00 2.426864115222826968e+01
1.109547738693467345e+00 2.456163478115195176e+01
1.111557788944723679e+00 2.484800507987542062e+01
1.113567839195980014e+00 2.512758990666584680e+01
1.115577889447236126e+00 2.540062614681070841e+01
1.117587939698492461e+00 2.566747538835483056e+01
1.119597989949748795e+00 2.592832426573632176e+01
1.121608040201004908e+00 2.618344693887193841e+01
1.123618090452261242e+00 2.643349731800809366e+01
1.125628140703517577e+00 2.667910564752277480e+01
1.127638190954773911e+00 2.692019851531264862e+01
1.129648241206030246e+00 2.715599240803975079e+01
1.131658291457286358e+00 2.738575837230760612e+01
1.133668341708542693e+00 2.760867492764758424e+01
1.135678391959799027e+00 2.782378720451437459e+01
1.137688442211055362e+00 2.802996643494921614e+01
1.139698492462311474e+00 2.822622382883992032e+01
1.141708542713567809e+00 2.841258652541539220e+01
1.143718592964824143e+00 2.858976210718488176e+01
1.145728643216080478e+00 2.875845004773677260e+01
1.147738693467336812e+00 2.891959036632125901e+01
1.149748743718592925e+00 2.907416678947261346e+01
1.151758793969849259e+00 2.922322189733282016e+01
1.153768844221105594e+00 2.936763749713870197e+01
1.155778894472361706e+00 2.950743225152949378e+01
1.157788944723618041e+00 2.964216895466498158e+01
1.159798994974874375e+00 2.977131749022618123e+01
1.161809045226130710e+00 2.989415477895562390e+01
1.163819095477387044e+00 3.000995872899419226e+01
1.165829145728643157e+00 3.011794795912811651e+01
1.167839195979899491e+00 3.021743599518590884e+01
1.169849246231155826e+00 3.030813712165998197e+01
1.171859296482411938e+00 3.039000161975788217e+01
1.173869346733668273e+00 3.046315227305663598e+01
1.175879396984924607e+00 3.052792637071721060e+01
1.177889447236180942e+00 3.058470694908542953e+01
1.179899497487437277e+00 3.063394296686732332e+01
1.181909547738693389e+00 3.067605774397564744e+01
1.183919597989949724e+00 3.071159727704093712e+01
1.185929648241206058e+00 3.074119064334628604e+01
1.187939698492462393e+00 3.076543122487893811e+01
1.189949748743718505e+00 3.078484908814149890e+01
1.191959798994974840e+00 3.079989518153681161e+01
1.193969849246231174e+00 3.081093116245580177e+01
1.195979899497487509e+00 3.081833736829217685e+01
1.197989949748743843e+00 3.082214134183551835e+01
1.199999999999999956e+00 3.082197154191993604e+01
